       TOT
      605528
      605528
      604693
      602346
      599214
      594996
      589954
      583644
      575184
      564472
      549610
      529713
      503016
      472764
      434612
      395941
      355926
      318911
      286506
      257199
      231410
      207224
      185645
      166293
      148351
      132511
      118426
      104496
       92622
       81288
       72641
       65299
       58275
       52468
       46937
       41964
       37226
       33091
       29100
       26142
       23274
       20781
       18534
       16522
       14584
       12689
       11133
        9900
        8718
        7639
        6765
        5830










        5126
        4444
        3808
        3342
        2870
        2453
        2124
        1803
        1534
        1342
        1167
        1031
         894
         757
         632
         553
         474
         423
         374
         342
         300
         269
         239
         214
         193
         173
         162
         147
         137
         129
         117
         108
          98
          91
          85
          82
          74
          68
          68
          65
          64
          58
          54
          52
          49
          48
          47
          44
          44
          44
          44
          40
          39
          37
          36
          35










          35
          34
          33
          32
          31
          29
          28
          28
          27
          27
          27
          27
          26
          24
          23
          21
          21
          19
          16
          15
          14
          13
          11
          11
          11
          11
          11
          11
          11
          11
          11
          11
          11
          11
          10
           9
           8
           8
           8
           8
           7
           7
           7
           6
           6
           6
           5
           4
           4
           4
           4
           3
           3
           3
           3
           3










           3
           2
           2
           2
           2
           2
           2
           2
           0
